6270
2860
6950
9960
3790
5550
4930
3980
110
760
1240
6540
4400
5110
2430
3090
7620
2240
9510
1360
4200
9740
4020
2760
8030
8000
9680
6570
5680
8840
1780
2900
5870
9120
4970
430
4650
8470
7650
4350
1460
5170
6600
1040
7440
1940
1910
9900
8240
6210
1400
7600
4230
7480
5400
2940
320
450
2910
9780
9750
8530
6190
310
5630
6590
9170
730
2980
4260
7310
4230
6810
8000
8550
1830
5800
5780
3420
7650
5890
3400
770
1930
3390
1580
4730
7010
150
5160
9900
5080
3050
7340
690
8770
3080
7870
7610
5990
7820
8860
3980
5880
2350
4610
410
1110
8510
4650
1970
1530
9270
6180
2190
5600
1310
4960
8840
1070
8960
3080
3120
3300
2880
580
4600
1400
2120
410
6700
2260
9230
4090
4930
7200
9050
9100
2780
1110
8500
2240
2450
8620
2980
5550
6330
1770
3700
2610
7640
9180
450
4420
1430
4960
4660
5100
1120
2130
9380
7990
9140
4040
3070
8530
7400
5420
3090
3310
9820
6410
3600
1530
2180
3780
6520
5730
9930
4710
1920
6490
3010
7810
6770
4940
4040
4590
6580
7930
5120
5520
9210
9890
1400
6330
2110
5000
8720
7200
2500
4120
4330
7450
8750
5240
2350
890
6140
580
9220
9000
1380
2110
7160
750
7610
8450
9740
9430
6940
490
560
410
590
6740
560
850
7710
1970
9620
8270
